50
175403.75212998205 978095.5626715289
176939.50626977807 647878.0580217894
471666.5233553633 637044.9240631952
401407.9907264854 121281.5537534887
708403.606696774 671874.2277179812
471386.28770776035 170397.3757638829
920227.7070440185 320750.1876908143
577239.4011258982 354489.44820821646
60281.02632993038 585250.9926495815
121005.89018862606 153888.07232672418
610112.57813074 881614.7619898842
35273.50676914165 59813.02789968723
629883.1162103389 771733.9449527999
510813.0389172074 879183.2276233863
948494.4665063121 558254.8118051194
995455.288110665 763784.4253297045
966841.0125604395 922395.1522209432
956289.247983377 942183.65248022
559216.692579731 182439.1993799167
450963.0557519513 505901.1384539933
984464.0862759757 382458.06933867757
291588.89192689996 864077.0669641137
800744.977885818 640200.3747375706
995981.9628849946 935028.1059263767
197871.26056727167 316850.8959366021
23636.50143283136 278309.77531321277
155736.27615727193 289079.5145605065
196731.50491398317 483222.2926840398
752404.8401850604 333269.3614054684
688583.4297772333 190992.58922313934
812226.771143945 733474.3857016009
877632.698354359 469401.24391732394
959282.7152028352 140712.18581815693
851676.835501307 52367.13252487945
717884.6555134569 153795.57228355712
992634.9694763179 50081.410466815134
250741.05709967553 932798.5403833891
881890.1283251304 925709.5672343073
495265.70015437476 373207.7459477784
547859.3213028761 617088.8398726543
757825.2103196105 509112.1330707138
602305.8368832039 813392.7040668161
705321.5645140498 309553.1389668528
428422.7286070481 997674.8233407948
464574.290021024 727928.0128388926
363990.3649064601 75360.13025196675
807016.9965697826 536189.3112289729
596988.2513867125 970547.7822255633
386627.39733939245 222614.93396927856
148918.0747168457 963900.8104501284
